image_width: 1280
image_height: 720
camera_name: narrow_stereo
camera_matrix:
  rows: 3
  cols: 3
  data: [878.80164,   0.     , 622.74395,
           0.     , 873.78082, 388.79425,
           0.     ,   0.     ,   1.     ]
distortion_model: plumb_bob
distortion_coefficients:
  rows: 1
  cols: 5
  data: [0.102533, -0.165937, 0.004482, -0.005372, 0.000000]
rectification_matrix:
  rows: 3
  cols: 3
  data: [1., 0., 0.,
         0., 1., 0.,
         0., 0., 1.]
projection_matrix:
  rows: 3
  cols: 4
  data: [884.28601,   0.     , 612.83378,   0.     ,
           0.     , 889.65845, 391.01292,   0.     ,
           0.     ,   0.     ,   1.     ,   0.     ]
