image_width: 1280
image_height: 720
camera_name: narrow_stereo
camera_matrix:
  rows: 3
  cols: 3
  data: [938.813805,   0.     , 637.05743,
           0.     , 969.75427, 361.76166,
           0.     ,   0.     ,   1.     ]
distortion_model: plumb_bob
distortion_coefficients:
  rows: 1
  cols: 5
  data: [0.130027, -0.217561, 0.004674, 0.004470, 0.000000]
rectification_matrix:
  rows: 3
  cols: 3
  data: [1., 0., 0.,
         0., 1., 0.,
         0., 0., 1.]
projection_matrix:
  rows: 3
  cols: 4
  data: [951.779358,   0.     , 641.256051,   0.     ,
           0.     , 958.709167, 404.534431,   0.     ,
           0.     ,   0.     ,   1.     ,   0.     ]
