image_width: 1280
image_height: 720
camera_name: narrow_stereo
camera_matrix:
  rows: 3
  cols: 3
  data: [ 997.58747,    0.     ,  617.89748,
            0.     , 1000.59898,  343.54341,
            0.     ,    0.     ,    1.     ]
distortion_model: plumb_bob
distortion_coefficients:
  rows: 1
  cols: 5
  data: [0.133878, -0.289713, -0.000185, -0.004309, 0.000000]
rectification_matrix:
  rows: 3
  cols: 3
  data: [1., 0., 0.,
         0., 1., 0.,
         0., 0., 1.]
projection_matrix:
  rows: 3
  cols: 4
  data: [1001.74042,    0.     ,  609.69059,    0.     ,
            0.     , 1017.01331,  343.02868,    0.     ,
            0.     ,    0.     ,    1.     ,    0.     ]
