image_width: 1280
image_height: 720
camera_name: narrow_stereo
camera_matrix:
  rows: 3
  cols: 3
  data: [903.11596,   0.     , 677.32027,
           0.     , 905.51295, 320.04279,
           0.     ,   0.     ,   1.     ]
distortion_model: plumb_bob
distortion_coefficients:
  rows: 1
  cols: 5
  data: [0.071894, -0.072453, -0.001650, 0.001148, 0.000000]
rectification_matrix:
  rows: 3
  cols: 3
  data: [1., 0., 0.,
         0., 1., 0.,
         0., 0., 1.]
projection_matrix:
  rows: 3
  cols: 4
  data: [914.49668,   0.     , 679.52882,   0.     ,
           0.     , 912.15599, 319.19932,   0.     ,
           0.     ,   0.     ,   1.     ,   0.     ]
